desc: I1 cache:         32768 B, 64 B, 4-way associative
desc: D1 cache:         32768 B, 64 B, 8-way associative
desc: LL cache:         12582912 B, 64 B, 24-way associative
cmd: ./tema2_blas /export/asc/tema2/input_valgrind
events: Ir I1mr ILmr Dr D1mr DLmr Dw D1mw DLmw Bc Bcm Bi Bim
fl=/root/rpmbuild/BUILD/gcc-5.4.0/host-x86_64-unknown-linux-gnu/gcc/include/cpuid.h
fn=__get_cpuid_output
219 12 1 1 0 0 0 0 0 0 0 0 0 0
239 4 0 0 0 0 0 0 0 0 2 0 0 0
242 12 0 0 0 0 0 8 0 0 0 0 0 0
243 2 0 0 0 0 0 0 0 0 0 0 0 0
fl=/root/rpmbuild/BUILD/gcc-5.4.0/x86_64-unknown-linux-gnu/libgcc/../.././libgcc/config/i386/cpuinfo.c
fn=__cpu_indicator_init
178 2 0 0 0 0 0 0 0 0 1 1 0 0
186 7 1 1 1 1 1 0 0 0 1 0 1 1
213 2 1 1 1 0 0 1 0 0 0 0 0 0
214 2 0 0 0 0 0 1 0 0 0 0 0 0
349 7 1 1 0 0 0 6 0 0 0 0 0 0
358 4 0 0 2 1 0 0 0 0 1 0 0 0
359 1 0 0 0 0 0 0 0 0 0 0 0 0
362 14 2 2 1 0 0 2 0 0 1 0 0 0
368 1 0 0 1 0 0 0 0 0 0 0 0 0
369 1 0 0 1 0 0 0 0 0 0 0 0 0
371 2 0 0 0 0 0 0 0 0 1 0 0 0
377 8 0 0 0 0 0 1 0 0 1 0 0 0
383 4 1 1 1 0 0 0 0 0 0 0 0 0
384 3 0 0 0 0 0 0 0 0 0 0 0 0
385 1 0 0 1 0 0 0 0 0 0 0 0 0
386 3 0 0 0 0 0 0 0 0 0 0 0 0
387 2 0 0 0 0 0 0 0 0 0 0 0 0
389 2 0 0 0 0 0 0 0 0 1 1 0 0
392 2 1 1 0 0 0 0 0 0 1 0 0 0
397 2 0 0 0 0 0 0 0 0 1 1 0 0
398 1 1 1 0 0 0 0 0 0 0 0 0 0
403 4 0 0 2 0 0 1 0 0 0 0 0 0
404 3 0 0 1 0 0 1 0 0 0 0 0 0
428 1 0 0 0 0 0 0 0 0 0 0 0 0
429 9 0 0 7 0 0 0 0 0 0 0 0 0
fn=__get_cpuid_output
336 6 0 0 0 0 0 2 0 0 0 0 0 0
338 4 0 0 4 0 0 0 0 0 0 0 0 0
fn=get_available_features
266 1 0 0 0 0 0 1 0 0 0 0 0 0
267 3 1 1 0 0 0 0 0 0 0 0 0 0
272 4 0 0 0 0 0 0 0 0 0 0 0 0
274 4 1 1 0 0 0 0 0 0 0 0 0 0
276 4 0 0 0 0 0 0 0 0 0 0 0 0
278 4 0 0 0 0 0 0 0 0 0 0 0 0
280 4 0 0 0 0 0 0 0 0 0 0 0 0
282 4 1 1 0 0 0 0 0 0 0 0 0 0
284 4 0 0 0 0 0 0 0 0 0 0 0 0
286 4 0 0 0 0 0 0 0 0 0 0 0 0
288 4 0 0 0 0 0 0 0 0 0 0 0 0
290 4 1 1 0 0 0 0 0 0 0 0 0 0
293 2 0 0 0 0 0 0 0 0 1 0 0 0
296 3 0 0 0 0 0 0 0 0 0 0 0 0
298 4 0 0 0 0 0 0 0 0 0 0 0 0
300 4 0 0 0 0 0 0 0 0 0 0 0 0
302 4 1 1 0 0 0 0 0 0 0 0 0 0
304 4 0 0 0 0 0 0 0 0 0 0 0 0
310 2 0 0 0 0 0 0 0 0 0 0 0 0
312 2 0 0 0 0 0 0 0 0 1 0 0 0
314 2 0 0 0 0 0 0 0 0 0 0 0 0
317 4 0 0 0 0 0 0 0 0 0 0 0 0
319 4 0 0 0 0 0 0 0 0 0 0 0 0
321 4 0 0 0 0 0 0 0 0 0 0 0 0
324 2 0 0 1 0 0 1 0 0 0 0 0 0
325 2 0 0 2 0 0 0 0 0 0 0 0 0
fl=/root/rpmbuild/BUILD/gcc-5.4.0/x86_64-unknown-linux-gnu/libgfortran/../.././libgfortran/intrinsics/random.c
fn=_gfortran_random_seed_i4
667 11 1 1 1 0 0 5 0 0 0 0 0 0
673 13 1 1 0 0 0 0 0 0 1 0 0 0
678 6 0 0 0 0 0 0 0 0 3 2 0 0
679 37 0 0 0 0 0 0 0 0 12 9 0 0
680 12 0 0 0 0 0 12 1 1 0 0 0 0
685 2 1 1 0 0 0 0 0 0 1 1 0 0
707 2 1 1 0 0 0 0 0 0 1 1 0 0
728 43 2 2 15 2 2 0 0 0 0 0 0 0
fl=/root/rpmbuild/BUILD/gcc-5.4.0/x86_64-unknown-linux-gnu/libgfortran/../.././libgfortran/io/fbuf.c
fn=_gfortrani_fbuf_destroy
51 6 0 0 0 0 0 3 0 0 0 0 0 0
52 9 1 0 3 0 0 0 0 0 3 0 0 0
54 6 1 1 3 0 0 3 0 0 0 0 0 0
55 6 0 0 3 0 0 3 0 0 0 0 0 0
56 3 0 0 0 0 0 3 0 0 0 0 0 0
57 6 0 0 6 0 0 0 0 0 0 0 0 0
fn=_gfortrani_fbuf_init
38 24 1 1 0 0 0 12 0 0 0 0 0 0
39 8 0 0 0 0 0 0 0 0 3 1 0 0
40 2 0 0 0 0 0 0 0 0 0 0 0 0
42 12 0 0 0 0 0 6 0 0 0 0 0 0
43 9 1 1 0 0 0 6 0 0 0 0 0 0
44 6 0 0 3 0 0 3 0 0 0 0 0 0
45 6 0 0 0 0 0 6 0 0 0 0 0 0
46 18 0 0 15 0 0 0 0 0 0 0 0 0
fl=/root/rpmbuild/BUILD/gcc-5.4.0/x86_64-unknown-linux-gnu/libgfortran/../.././libgfortran/io/format.c
fn=_gfortrani_free_format_hash_table
61 18 2 2 0 0 0 6 0 0 0 0 0 0
65 96 0 0 0 0 0 0 0 0 48 12 0 0
67 144 0 0 48 16 0 0 0 0 48 11 0 0
72 48 0 0 0 0 0 48 0 0 0 0 0 0
73 96 0 0 0 0 0 48 0 0 0 0 0 0
74 48 0 0 0 0 0 48 0 0 0 0 0 0
76 12 1 1 9 0 0 0 0 0 0 0 0 0
fl=/root/rpmbuild/BUILD/gcc-5.4.0/x86_64-unknown-linux-gnu/libgfortran/../.././libgfortran/io/unit.c
fn=_gfortrani_close_units
762 1 1 1 0 0 0 1 0 0 0 0 0 0
764 13 0 0 4 1 0 0 0 0 4 3 0 0
765 6 0 0 0 0 0 3 0 0 0 0 0 0
769 2 1 1 1 0 0 0 0 0 0 0 0 0
771 1 0 0 1 0 0 0 0 0 0 0 0 0
fn=_gfortrani_init_units
580 2 1 1 0 0 0 1 0 0 0 0 0 0
585 5 0 0 0 0 0 2 1 0 0 0 0 0
596 3 0 0 1 0 0 0 0 0 1 0 0 0
598 2 0 0 0 0 0 1 0 0 0 0 0 0
599 2 1 1 0 0 0 2 0 0 0 0 0 0
601 1 0 0 0 0 0 1 0 0 0 0 0 0
603 1 0 0 0 0 0 1 0 0 0 0 0 0
604 1 0 0 0 0 0 1 0 0 0 0 0 0
605 1 0 0 0 0 0 1 0 0 0 0 0 0
606 1 0 0 0 0 0 1 0 0 0 0 0 0
607 1 0 0 0 0 0 1 0 0 0 0 0 0
608 1 1 1 0 0 0 1 0 0 0 0 0 0
609 1 0 0 0 0 0 1 0 0 0 0 0 0
610 1 0 0 0 0 0 1 0 0 0 0 0 0
611 1 0 0 0 0 0 1 0 0 0 0 0 0
612 1 0 0 0 0 0 1 0 0 0 0 0 0
613 1 0 0 0 0 0 1 0 0 0 0 0 0
614 1 0 0 0 0 0 1 0 0 0 0 0 0
616 2 0 0 1 0 0 1 0 0 0 0 0 0
617 1 0 0 0 0 0 1 0 0 0 0 0 0
619 3 1 1 0 0 0 2 0 0 0 0 0 0
621 3 0 0 0 0 0 1 0 0 0 0 0 0
623 1 0 0 0 0 0 0 0 0 0 0 0 0
626 3 0 0 1 0 0 0 0 0 1 0 0 0
628 2 0 0 0 0 0 1 0 0 0 0 0 0
629 2 1 1 0 0 0 2 0 0 0 0 0 0
631 1 0 0 0 0 0 1 0 0 0 0 0 0
633 1 0 0 0 0 0 1 0 0 0 0 0 0
634 1 0 0 0 0 0 1 0 0 0 0 0 0
635 1 0 0 0 0 0 1 0 0 0 0 0 0
636 1 0 0 0 0 0 1 0 0 0 0 0 0
637 1 1 1 0 0 0 1 0 0 0 0 0 0
638 1 0 0 0 0 0 1 0 0 0 0 0 0
639 1 0 0 0 0 0 1 0 0 0 0 0 0
640 1 0 0 0 0 0 1 0 0 0 0 0 0
641 1 0 0 0 0 0 1 0 0 0 0 0 0
642 1 0 0 0 0 0 1 0 0 0 0 0 0
643 1 0 0 0 0 0 1 0 0 0 0 0 0
645 2 0 0 1 0 0 1 0 0 0 0 0 0
646 1 0 0 0 0 0 1 0 0 0 0 0 0
648 3 1 1 0 0 0 2 0 0 0 0 0 0
650 3 0 0 0 0 0 1 0 0 0 0 0 0
652 1 0 0 0 0 0 0 0 0 0 0 0 0
655 3 0 0 1 0 0 0 0 0 1 0 0 0
657 2 0 0 0 0 0 1 0 0 0 0 0 0
658 2 1 1 0 0 0 2 0 0 0 0 0 0
660 1 0 0 0 0 0 1 0 0 0 0 0 0
662 1 0 0 0 0 0 1 0 0 0 0 0 0
663 1 0 0 0 0 0 1 0 0 0 0 0 0
664 1 0 0 0 0 0 1 0 0 0 0 0 0
665 1 0 0 0 0 0 1 0 0 0 0 0 0
666 1 0 0 0 0 0 1 0 0 0 0 0 0
667 1 1 1 0 0 0 1 0 0 0 0 0 0
668 1 0 0 0 0 0 1 0 0 0 0 0 0
669 1 0 0 0 0 0 1 0 0 0 0 0 0
670 1 0 0 0 0 0 1 0 0 0 0 0 0
671 1 0 0 0 0 0 1 0 0 0 0 0 0
673 2 0 0 1 0 0 1 0 0 0 0 0 0
674 1 0 0 0 0 0 1 0 0 0 0 0 0
676 3 0 0 0 0 0 2 0 0 0 0 0 0
678 3 1 1 0 0 0 1 0 0 0 0 0 0
681 1 0 0 0 0 0 0 0 0 0 0 0 0
688 191 0 0 0 0 0 1 0 0 63 10 0 0
689 191 0 0 0 0 0 0 0 0 0 0 0 0
690 2 1 1 2 0 0 0 0 0 0 0 0 0
fn=close_unit_1
232 3 0 0 0 0 0 0 0 0 0 0 0 0
233 9 0 0 0 0 0 3 0 0 0 0 0 0
293 12 1 1 3 0 0 6 0 0 0 0 0 0
695 21 2 2 0 0 0 15 0 0 0 0 0 0
700 9 0 0 3 3 0 0 0 0 3 1 0 0
703 21 0 0 3 1 0 0 0 0 3 0 0 0
705 3 0 0 0 0 0 3 3 0 0 0 0 0
709 18 0 0 0 0 0 0 0 0 9 7 0 0
710 27 0 0 9 1 0 0 0 0 9 0 0 0
715 6 0 0 3 2 0 3 0 0 0 0 0 0
716 3 0 0 0 0 0 3 0 0 0 0 0 0
718 6 0 0 0 0 0 3 0 0 0 0 0 0
719 6 0 0 0 0 0 3 0 0 0 0 0 0
721 6 0 0 0 0 0 0 0 0 3 2 0 0
727 9 1 1 3 0 0 0 0 0 3 0 0 0
734 21 0 0 18 0 0 0 0 0 0 0 0 0
fn=delete_root
239 9 1 1 0 0 0 6 0 0 0 0 0 0
242 9 0 0 3 0 0 0 0 0 3 3 0 0
243 2 0 0 2 0 0 0 0 0 0 0 0 0
244 3 0 0 1 0 0 0 0 0 1 1 0 0
259 15 1 1 9 0 0 0 0 0 0 0 0 0
fn=delete_treap
163 12 0 0 6 0 0 0 0 0 3 0 0 0
269 3 0 0 0 0 0 3 0 0 0 0 0 0
272 6 1 1 0 0 0 0 0 0 3 0 0 0
279 3 0 0 0 0 0 0 0 0 3 2 0 0
282 6 0 0 0 0 0 0 0 0 0 0 0 0
285 3 1 0 3 0 0 0 0 0 0 0 0 0
fn=insert
138 2 0 0 1 0 0 1 0 0 0 0 0 0
139 5 0 0 0 0 0 1 0 0 0 0 0 0
153 4 0 0 2 0 0 2 0 0 0 0 0 0
154 6 0 0 0 0 0 2 0 0 0 0 0 0
163 12 0 0 6 0 0 0 0 0 3 1 0 0
176 3 0 0 0 0 0 3 0 0 0 0 0 0
179 12 1 1 0 0 0 0 0 0 6 5 0 0
186 6 0 0 2 0 0 4 0 0 0 0 0 0
187 6 0 0 4 0 0 0 0 0 2 0 0 0
191 1 1 1 0 0 0 0 0 0 1 0 0 0
193 3 0 0 1 0 0 2 0 0 0 0 0 0
194 3 0 0 2 0 0 0 0 0 1 0 0 0
202 12 0 0 9 0 0 0 0 0 0 0 0 0
fn=insert_unit
125 39 1 1 3 1 0 3 0 0 0 0 0 0
209 21 2 2 3 0 0 9 0 0 0 0 0 0
210 12 0 0 0 0 0 3 0 0 0 0 0 0
211 3 0 0 0 0 0 3 0 0 0 0 0 0
214 15 1 1 0 0 0 15 0 0 0 0 0 0
215 15 1 1 0 0 0 15 0 0 0 0 0 0
221 3 0 0 0 0 0 3 0 0 0 0 0 0
222 12 0 0 3 0 0 6 0 0 0 0 0 0
224 24 0 0 15 0 0 0 0 0 3 0 0 0
fl=/root/rpmbuild/BUILD/gcc-5.4.0/x86_64-unknown-linux-gnu/libgfortran/../.././libgfortran/io/unix.c
fn=_gfortrani_error_stream
1483 3 1 1 0 0 0 0 0 0 0 0 0 0
fn=_gfortrani_input_stream
1450 3 1 1 0 0 0 0 0 0 0 0 0 0
fn=_gfortrani_output_stream
1466 3 0 0 0 0 0 0 0 0 0 0 0 0
fn=buf_close
669 4 1 1 0 0 0 2 0 0 0 0 0 0
670 6 0 0 0 0 0 2 0 0 2 0 0 0
672 4 1 1 2 0 0 2 0 0 0 0 0 0
673 4 0 0 0 0 0 0 0 0 0 0 0 0
674 2 0 0 2 0 0 0 0 0 0 0 0 0
fn=buf_flush
471 2 0 0 0 0 0 2 0 0 0 0 0 0
473 6 1 1 2 0 0 0 0 0 2 2 0 0
492 2 0 0 2 0 0 0 0 0 0 0 0 0
fn=fd_to_stream
451 2 0 0 0 0 0 1 0 0 0 0 0 0
453 1 0 0 0 0 0 1 0 0 0 0 0 0
691 4 0 0 0 0 0 2 0 0 0 0 0 0
693 8 1 1 0 0 0 4 0 0 0 0 0 0
1013 27 1 1 3 0 0 12 0 0 0 0 0 0
1017 12 1 1 0 0 0 3 0 0 0 0 0 0
1019 3 0 0 0 0 0 3 0 0 0 0 0 0
1023 6 0 0 0 0 0 0 0 0 3 0 0 0
1033 6 0 0 3 0 0 3 0 0 0 0 0 0
1034 6 0 0 3 0 0 3 0 0 0 0 0 0
1035 6 0 0 3 0 0 3 0 0 0 0 0 0
1038 12 1 1 3 0 0 0 0 0 3 2 0 0
1039 6 1 1 2 0 0 0 0 0 2 0 0 0
1040 6 0 0 2 0 0 0 0 0 2 2 0 0
1047 2 0 0 0 0 0 0 0 0 1 0 0 0
1057 27 1 1 18 0 0 0 0 0 3 0 0 0
fn=raw_close
415 12 1 1 0 0 0 6 0 0 0 0 0 0
418 9 0 0 3 1 0 0 0 0 3 1 0 0
420 6 0 0 0 0 0 0 0 0 3 3 0 0
425 3 0 0 0 0 0 0 0 0 0 0 0 0
426 6 1 1 0 0 0 3 0 0 0 0 0 0
428 15 0 0 9 0 0 0 0 0 0 0 0 0
fl=/root/rpmbuild/BUILD/gcc-5.4.0/x86_64-unknown-linux-gnu/libgfortran/../.././libgfortran/io/unix.h
fn=close_unit_1
95 6 0 0 6 5 0 3 0 0 0 0 3 2
fl=/root/rpmbuild/BUILD/gcc-5.4.0/x86_64-unknown-linux-gnu/libgfortran/../.././libgfortran/runtime/compile_options.c
fn=_gfortrani_init_compile_options
226 1 1 1 0 0 0 1 1 0 0 0 0 0
227 1 0 0 0 0 0 1 0 0 0 0 0 0
230 1 0 0 0 0 0 1 0 0 0 0 0 0
231 1 0 0 0 0 0 1 0 0 0 0 0 0
232 1 1 1 0 0 0 1 0 0 0 0 0 0
233 2 0 0 1 0 0 1 0 0 0 0 0 0
fl=/root/rpmbuild/BUILD/gcc-5.4.0/x86_64-unknown-linux-gnu/libgfortran/../.././libgfortran/runtime/environ.c
fn=_gfortrani_init_variables
350 3 0 0 0 0 0 1 0 0 0 0 0 0
353 38 1 1 13 5 0 0 0 0 13 4 0 0
354 24 0 0 12 6 0 12 0 0 0 0 12 7
355 2 0 0 2 0 0 0 0 0 0 0 0 0
fn=init_boolean
180 10 1 1 0 0 0 5 0 0 0 0 0 0
183 10 0 0 5 0 0 5 0 0 0 0 0 0
184 10 0 0 0 0 0 0 0 0 5 2 0 0
202 15 1 1 10 0 0 5 0 0 0 0 0 0
204 10 0 0 10 0 0 0 0 0 0 0 0 0
fn=init_integer
115 12 1 1 0 0 0 9 0 0 0 0 0 0
118 6 0 0 3 0 0 3 0 0 0 0 0 0
119 6 0 0 0 0 0 0 0 0 3 2 0 0
133 9 2 2 6 0 0 3 1 0 0 0 0 0
135 12 0 0 12 0 0 0 0 0 0 0 0 0
fn=init_sep
218 4 1 1 0 0 0 2 0 0 0 0 0 0
222 2 0 0 1 0 0 1 0 0 0 0 0 0
223 2 0 0 0 0 0 0 0 0 1 1 0 0
255 2 1 1 0 0 0 1 0 0 0 0 0 0
256 1 1 1 0 0 0 1 0 0 0 0 0 0
257 4 0 0 3 0 0 0 0 0 0 0 0 0
fn=init_string
269 1 1 1 1 0 0 0 0 0 0 0 0 0
fn=init_unformatted
822 1 1 1 0 0 0 1 0 0 0 0 0 0
824 2 0 0 1 0 0 1 0 0 0 0 0 0
825 1 0 0 0 0 0 1 1 0 0 0 0 0
826 1 0 0 0 0 0 1 0 0 0 0 0 0
828 2 0 0 0 0 0 0 0 0 1 1 0 0
845 2 1 1 2 0 0 0 0 0 0 0 0 0
fn=init_unsigned_integer
143 4 1 1 0 0 0 3 0 0 0 0 0 0
146 2 0 0 1 0 0 1 0 0 0 0 0 0
147 2 0 0 0 0 0 0 0 0 1 0 0 0
161 3 1 1 2 0 0 1 0 0 0 0 0 0
163 4 0 0 4 0 0 0 0 0 0 0 0 0
fl=/root/rpmbuild/BUILD/gcc-5.4.0/x86_64-unknown-linux-gnu/libgfortran/../.././libgfortran/runtime/main.c
fn=cleanup
289 1 1 1 0 0 0 0 0 0 0 0 0 0
290 1 0 0 0 0 0 1 0 0 0 0 0 0
292 2 1 0 1 1 0 0 0 0 1 1 0 0
295 3 0 0 1 1 0 0 0 0 0 0 0 0
296 1 0 0 0 0 0 0 0 0 0 0 0 0
fn=init
62 1 0 0 0 0 0 1 1 0 0 0 0 0
258 1 1 1 0 0 0 0 0 0 0 0 0 0
263 1 1 1 0 0 0 1 0 0 0 0 0 0
265 1 0 0 0 0 0 1 0 0 0 0 0 0
266 1 0 0 0 0 0 1 0 0 0 0 0 0
267 1 0 0 0 0 0 1 0 0 0 0 0 0
278 2 0 0 1 0 0 0 0 0 1 0 0 0
281 4 0 0 0 0 0 0 0 0 0 0 0 0
282 1 0 0 0 0 0 0 0 0 0 0 0 0
fl=/root/rpmbuild/BUILD/gcc-5.4.0/x86_64-unknown-linux-gnu/libgfortran/../.././libgfortran/runtime/memory.c
fn=_gfortrani_xcalloc
80 6 1 1 0 0 0 0 0 0 0 0 0 0
81 24 0 0 0 0 0 0 0 0 12 1 0 0
84 6 0 0 0 0 0 6 0 0 0 0 0 0
85 12 0 0 0 0 0 0 0 0 6 0 0 0
89 12 0 0 6 0 0 0 0 0 0 0 0 0
fn=_gfortrani_xmalloc
37 8 1 1 0 0 0 0 0 0 0 0 0 0
41 24 0 0 0 0 0 0 0 0 0 0 0 0
43 8 0 0 0 0 0 8 0 0 0 0 0 0
45 16 0 0 0 0 0 0 0 0 8 2 0 0
49 16 0 0 8 0 0 0 0 0 0 0 0 0
fl=/root/rpmbuild/BUILD/gcc-5.4.0/x86_64-unknown-linux-gnu/libgfortran/../libgcc/gthr-default.h
fn=_gfortran_random_seed_i4
747 3 0 0 1 0 0 0 0 0 1 0 0 0
748 2 0 0 0 0 0 1 0 0 0 0 0 0
777 2 1 1 0 0 0 0 0 0 1 0 0 0
778 5 0 0 2 0 0 0 0 0 1 1 0 0
fn=_gfortrani_close_units
747 3 0 0 1 1 0 0 0 0 1 0 0 0
748 2 1 1 0 0 0 1 0 0 0 0 0 0
777 2 0 0 0 0 0 0 0 0 1 0 0 0
778 2 0 0 0 0 0 1 0 0 0 0 0 0
fn=_gfortrani_init_units
777 6 0 0 3 0 0 0 0 0 3 0 0 0
778 3 0 0 0 0 0 3 0 0 0 0 0 0
fn=close_unit_1
738 6 0 0 0 0 0 0 0 0 3 0 0 0
739 6 0 0 0 0 0 3 0 0 0 0 0 0
747 21 1 1 3 0 0 0 0 0 3 3 0 0
748 6 0 0 0 0 0 0 0 0 0 0 0 0
777 6 1 1 0 0 0 0 0 0 3 2 0 0
fn=insert_unit
747 9 0 0 3 1 0 0 0 0 3 0 0 0
748 3 0 0 0 0 0 3 0 0 0 0 0 0
fl=/root/rpmbuild/BUILD/gcc-5.4.0/x86_64-unknown-linux-gnu/libgfortran/./fpu-target.h
fn=_gfortrani_set_fpu
212 3 1 1 1 0 0 0 0 0 0 0 0 0
fn=_gfortrani_set_fpu_trap_exceptions
167 4 1 1 1 0 0 1 0 0 0 0 0 0
176 1 0 0 0 0 0 0 0 0 0 0 0 0
183 1 0 0 0 0 0 0 0 0 0 0 0 0
185 2 0 0 0 0 0 1 0 0 0 0 0 0
188 6 1 1 1 0 0 1 0 0 0 0 0 0
190 2 0 0 1 0 0 0 0 0 0 0 0 0
196 1 0 0 0 0 0 1 0 0 0 0 0 0
203 7 0 0 1 0 0 1 0 0 0 0 0 0
205 1 0 0 1 0 0 0 0 0 0 0 0 0
207 5 0 0 3 0 0 0 0 0 1 0 0 0
fl=/root/rpmbuild/BUILD/gcc-5.4.0/x86_64-unknown-linux-gnu/libquadmath/../.././libquadmath/printf/quadmath-printf.c
fn=flt128_ais
289 3 1 1 2 1 0 0 0 0 1 1 0 0
358 1 0 0 0 0 0 0 0 0 0 0 0 0
359 1 0 0 1 0 0 0 0 0 0 0 0 0
fn=flt128_printf_fp
364 4 1 1 1 0 0 1 0 0 0 0 0 0
365 6 1 1 0 0 0 5 0 0 0 0 0 0
368 3 0 0 2 0 0 0 0 0 1 1 0 0
372 5 0 0 3 0 0 0 0 0 1 0 0 0
fn=register_printf_flt128
389 1 0 0 0 0 0 0 0 0 0 0 0 0
390 3 1 1 0 0 0 2 1 0 0 0 0 0
391 2 1 1 0 0 0 0 0 0 1 0 0 0
393 3 0 0 0 0 0 2 0 0 0 0 0 0
394 2 0 0 0 0 0 0 0 0 1 0 0 0
396 4 1 1 0 0 0 1 0 0 0 0 0 0
397 4 0 0 0 0 0 1 0 0 0 0 0 0
398 4 0 0 0 0 0 1 0 0 0 0 0 0
399 4 1 1 0 0 0 1 0 0 0 0 0 0
400 4 0 0 0 0 0 1 0 0 0 0 0 0
401 4 0 0 0 0 0 1 0 0 0 0 0 0
402 4 1 1 0 0 0 1 0 0 0 0 0 0
403 4 0 0 0 0 0 0 0 0 0 0 0 0
404 1 0 0 1 0 0 0 0 0 0 0 0 0
fn=unregister_printf_flt128
408 1 0 0 0 0 0 1 0 0 0 0 0 0
411 4 1 1 2 1 0 0 0 0 2 0 0 0
413 4 1 1 0 0 0 1 0 0 0 0 0 0
414 4 0 0 0 0 0 1 0 0 0 0 0 0
415 4 0 0 0 0 0 1 0 0 0 0 0 0
416 4 0 0 0 0 0 1 0 0 0 0 0 0
417 4 0 0 0 0 0 1 0 0 0 0 0 0
418 4 1 0 0 0 0 1 0 0 0 0 0 0
419 4 0 0 0 0 0 1 0 0 0 0 0 0
420 4 0 0 0 0 0 0 0 0 0 0 0 0
421 1 0 0 1 0 0 0 0 0 0 0 0 0
fl=/usr/include/sys/stat.h
fn=fd_to_stream
470 12 0 0 0 0 0 3 0 0 0 0 0 0
fl=???
fn=(below main)
0 62 6 5 17 5 0 17 1 0 7 0 2 2
fn=???
0 168012114 307 194 61711426 1053407 0 2266100 103127 13757 879046 14098 242166 163
fn=ATL_daliased_gemmNN
0 3580 34 18 740 114 0 740 0 0 360 15 0 0
fn=ATL_dcol2blk2_a1
0 6 1 1 0 0 0 0 0 0 0 0 0 0
fn=ATL_dcol2blk_a1
0 845030 10 10 234586 29772 0 232320 28369 21600 120717 3426 0 0
fn=ATL_dcopy
0 5985 2 2 0 0 0 0 0 0 1596 4 0 0
fn=ATL_dcopy_xp0yp0aXbX
0 562191 1 1 80199 10131 0 79800 51732 9702 80199 419 0 0
fn=ATL_dgemmNN
0 923 13 12 176 45 0 180 0 0 121 29 9 5
fn=ATL_dgemmNN_RB
0 144 2 2 72 0 0 36 0 0 0 0 0 0
fn=ATL_dgemmNT
0 915 11 11 195 41 0 180 0 0 115 24 9 1
fn=ATL_dgemmNT_RB
0 144 1 1 72 0 0 36 0 0 0 0 0 0
fn=ATL_dmmIJK
0 2839 48 21 927 134 0 728 26 0 208 34 14 2
fn=ATL_dmmIJK2
0 37460 27 20 12020 2693 0 6130 560 0 4502 277 780 30
fn=ATL_dmmJIK
0 824 26 23 266 50 0 204 12 0 62 23 4 1
fn=ATL_dmmJIK2
0 5308 21 21 1374 507 0 958 9 0 622 41 110 2
fn=ATL_dpcol2blkF
0 38 3 3 10 0 0 10 0 0 4 1 0 0
fn=ATL_dpputblk_diag
0 44460 5 5 8270 68 0 8230 1300 938 8660 431 0 0
fn=ATL_dprk_kmm
0 14051 33 33 5075 1327 1 2536 4 0 1218 104 550 2
fn=ATL_drow2blkT2_a1
0 2384 14 7 307 28 0 326 0 0 206 47 0 0
fn=ATL_drow2blkT_a1
0 26080 11 7 5580 60 0 4560 206 0 1500 80 0 0
fn=ATL_dsprk
0 44 5 5 14 0 0 13 0 0 3 2 0 0
fn=ATL_dsprk_rK
0 74 7 7 21 1 0 19 0 0 4 2 0 0
fn=ATL_dsyreflect
0 4016 2 2 6 1 0 404 0 0 401 7 0 0
fn=ATL_dsyrk
0 19 2 2 3 1 0 9 0 0 0 0 0 0
fn=ATL_dtrcopyL2L_N_a1
0 85270 4 4 8250 1500 0 16040 1156 200 16410 911 0 0
fn=ATL_dtrcopyL2U_N_a1
0 93790 3 3 8220 1500 0 16010 1200 0 16410 909 0 0
fn=ATL_dtrmm
0 102 12 7 26 15 0 22 0 0 18 8 2 2
fn=ATL_dtrmmRLNN
0 630 10 5 130 29 0 150 0 0 40 3 0 0
fn=ATL_dtrmmRLTN
0 630 14 5 130 25 0 150 0 0 40 1 0 0
fn=ATL_rtrmmRLN
0 926 11 6 295 44 0 245 9 0 19 6 19 2
fn=ATL_rtrmmRLT
0 851 6 6 316 39 0 240 22 0 19 7 19 2
fn=_Exit
0 8 2 2 1 1 0 0 0 0 0 0 0 0
fn=_IO_cleanup
0 112 8 8 33 2 1 19 0 0 22 9 1 1
fn=_IO_default_finish
0 14 2 2 4 0 0 1 0 0 3 3 0 0
fn=_IO_default_setbuf
0 50 4 4 9 0 0 15 0 0 5 2 1 1
fn=_IO_default_uflow
0 44 2 2 12 0 0 7 0 0 4 1 2 1
fn=_IO_default_xsputn
0 113 5 5 21 0 0 19 1 0 18 12 0 0
fn=_IO_do_write@@GLIBC_2.2.5
0 73 7 6 22 1 0 17 0 0 8 5 1 1
fn=_IO_doallocbuf
0 50 2 2 16 2 0 8 0 0 8 3 2 1
fn=_IO_file_close
0 2 1 1 1 0 0 0 0 0 0 0 0 0
fn=_IO_file_close_it@@GLIBC_2.2.5
0 55 6 6 10 0 0 16 0 0 5 2 1 1
fn=_IO_file_doallocate
0 100 4 4 18 1 0 12 0 0 12 0 2 1
fn=_IO_file_finish@@GLIBC_2.2.5
0 12 2 2 3 0 0 2 0 0 1 1 0 0
fn=_IO_file_fopen@@GLIBC_2.2.5
0 70 8 8 12 1 1 11 0 0 11 5 0 0
fn=_IO_file_overflow@@GLIBC_2.2.5
0 70 10 7 16 0 0 16 0 0 12 5 0 0
fn=_IO_file_read
0 8 1 1 4 0 0 0 0 0 2 1 0 0
fn=_IO_file_setbuf@@GLIBC_2.2.5
0 15 1 0 3 0 0 8 0 0 1 0 0 0
fn=_IO_file_stat
0 8 1 1 2 0 0 0 0 0 0 0 0 0
fn=_IO_file_sync@@GLIBC_2.2.5
0 17 4 4 7 0 0 3 0 0 2 1 0 0
fn=_IO_file_underflow@@GLIBC_2.2.5
0 122 8 8 37 1 0 30 0 0 15 6 2 1
fn=_IO_file_write@@GLIBC_2.2.5
0 36 3 3 8 0 0 5 0 0 5 2 0 0
fn=_IO_file_xsputn@@GLIBC_2.2.5
0 363 9 5 74 1 0 56 3 0 39 6 1 1
fn=_IO_flush_all_lockp
0 103 8 8 28 9 3 14 0 0 23 11 1 1
fn=_IO_link_in
0 104 9 9 37 3 1 18 0 0 18 7 2 2
fn=_IO_new_file_init_internal
0 13 1 1 4 0 0 5 0 0 0 0 0 0
fn=_IO_no_init
0 33 4 4 5 0 0 20 2 2 1 0 0 0
fn=_IO_old_init
0 25 2 2 2 0 0 19 3 3 1 0 0 0
fn=_IO_setb
0 76 2 2 19 0 0 18 0 0 4 3 0 0
fn=_IO_sputbackc
0 162 2 2 63 0 0 27 0 0 18 10 0 0
fn=_IO_switch_to_get_mode
0 48 3 3 16 0 0 14 0 0 6 4 0 0
fn=_IO_un_link
0 111 10 10 42 0 0 16 0 0 21 10 2 2
fn=_IO_unsave_markers
0 9 2 2 4 0 0 1 0 0 2 2 0 0
fn=_IO_vfscanf
0 1586 70 70 386 15 10 189 0 0 323 99 12 5
fn=__GI_memcpy
0 95 3 3 13 0 0 9 0 0 24 12 0 0
fn=__GI_mempcpy
0 143 3 3 18 0 0 11 1 0 42 25 0 0
fn=__GI_memset
0 1283 6 4 10 0 0 682 157 157 173 35 0 0
fn=__GI_strlen
0 434 8 4 50 11 9 0 0 0 50 24 0 0
fn=__GI_strrchr
0 51 4 4 3 0 0 0 0 0 6 3 0 0
fn=__GI_strstr
0 25 7 7 9 1 1 6 0 0 2 2 0 0
fn=____strtol_l_internal
0 393 12 12 52 2 2 33 0 0 93 11 0 0
fn=__acos_finite
0 5 1 1 3 0 0 0 0 0 1 0 0 0
fn=__asin_finite
0 5 1 1 3 0 0 0 0 0 1 0 0 0
fn=__atan2_finite
0 8 2 2 3 0 0 0 0 0 2 1 0 0
fn=__close_nocancel
0 10 1 1 2 0 0 0 0 0 2 0 0 0
fn=__ctype_init
0 16 2 2 10 5 0 3 0 0 0 0 0 0
fn=__cxa_atexit
0 22 2 2 5 0 0 8 0 0 1 0 0 0
fn=__cxa_finalize
0 322 5 5 84 1 0 42 0 0 49 7 0 0
fn=__default_morecore
0 32 2 1 4 0 0 4 1 0 0 0 0 0
fn=__exp_finite
0 8 2 2 3 0 0 0 0 0 2 1 0 0
fn=__fopen_internal
0 39 3 3 4 0 0 10 1 1 2 0 0 0
fn=__fopen_maybe_mmap
0 4 1 1 2 0 0 0 0 0 1 1 0 0
fn=__init_misc
0 24 2 2 7 1 0 5 1 0 2 0 0 0
fn=__isoc99_fscanf
0 108 6 6 36 0 0 24 0 0 18 7 0 0
fn=__libc_csu_init
0 34 3 3 8 1 0 8 0 0 2 0 1 1
fn=__libc_dl_error_tsd
0 3 1 1 3 1 0 0 0 0 0 0 0 0
fn=__libc_memalign
0 1730 4 4 290 0 0 286 1 1 170 40 0 0
fn=__libc_pthread_init
0 393 3 3 110 8 0 58 8 8 54 9 0 0
fn=__libc_sigaction
0 134 6 6 38 0 0 38 4 4 8 3 0 0
fn=__log_finite
0 8 1 1 3 0 0 0 0 0 2 1 0 0
fn=__lseek_nocancel
0 5 0 0 1 0 0 0 0 0 1 0 0 0
fn=__memcpy_ssse3_back
0 702417 22 20 240014 60015 9508 240002 60003 40000 30021 66 3 2
fn=__mpn_extract_double
0 21 3 3 2 0 0 5 0 0 1 1 0 0
fn=__mpn_lshift
0 15 2 2 2 0 0 1 0 0 3 2 0 0
fn=__mpn_mul_1
0 160 3 3 24 0 0 16 0 0 32 4 0 0
fn=__msync_nocancel
0 5 0 0 1 0 0 0 0 0 1 0 0 0
fn=__new_exitfn
0 39 5 5 11 3 1 5 0 0 8 4 0 0
fn=__open_nocancel
0 10 0 0 2 0 0 0 0 0 2 0 0 0
fn=__parse_one_specmb
0 362 22 22 78 9 3 71 3 3 61 29 5 3
fn=__pow_finite
0 5 1 1 3 0 0 0 0 0 1 0 0 0
fn=__printf_fp
0 682 55 55 140 5 1 108 6 0 120 39 0 0
fn=__pthread_initialize_minimal
0 163 14 14 23 5 0 62 10 6 21 13 1 1
fn=__read_nocancel
0 10 0 0 2 0 0 0 0 0 2 0 0 0
fn=__register_atfork
0 50 5 5 12 3 3 10 0 0 7 3 0 0
fn=__run_exit_handlers
0 54 4 4 9 3 0 9 0 0 9 1 2 2
fn=__sigjmp_save
0 9 1 1 2 0 0 2 0 0 1 1 0 0
fn=__sigsetjmp
0 399 4 4 99 0 0 160 2 2 0 0 0 0
fn=__strcmp_sse42
0 44 3 3 10 0 0 0 0 0 6 3 0 0
fn=__strtol_internal
0 9 1 1 6 0 0 0 0 0 0 0 0 0
fn=__uflow
0 74 4 4 20 1 0 4 0 0 16 7 2 1
fn=__unregister_atfork
0 91 2 2 35 3 0 7 0 0 21 2 0 0
fn=__write_nocancel
0 10 0 0 2 0 0 0 0 0 2 0 0 0
fn=_dl_add_to_namespace_list
0 430 2 2 107 0 0 62 0 0 53 27 18 2
fn=_dl_add_to_slotinfo
0 24 3 3 9 3 0 6 0 0 1 1 0 0
fn=_dl_addr
0 56495 12 12 13781 1039 836 16 2 0 12912 1949 2 2
fn=_dl_allocate_tls_init
0 81 6 6 25 4 0 13 0 0 8 2 0 0
fn=_dl_allocate_tls_storage
0 332 3 3 7 0 0 295 37 37 297 9 0 0
fn=_dl_cache_libcmp
0 2785 4 4 420 30 30 0 0 0 767 68 0 0
fn=_dl_catch_error
0 684 4 4 209 0 0 323 4 4 19 0 38 3
fn=_dl_check_all_versions
0 159 3 3 25 0 0 14 0 0 21 7 0 0
fn=_dl_check_map_versions
0 5727 14 14 1787 46 30 704 48 45 710 158 0 0
fn=_dl_count_modids
0 4 2 2 3 0 0 0 0 0 1 1 0 0
fn=_dl_debug_initialize
0 89 5 3 31 2 1 4 0 0 30 24 0 0
fn=_dl_debug_state
0 2 2 1 2 0 0 0 0 0 0 0 0 0
fn=_dl_determine_tlsoffset
0 56 4 4 11 0 0 8 0 0 4 1 0 0
fn=_dl_discover_osversion
0 88 4 4 15 1 1 7 1 1 15 7 0 0
fn=_dl_fini
0 593 12 12 222 66 0 63 10 0 126 25 20 20
fn=_dl_fixup
0 5035 6 6 1894 460 33 441 12 2 584 19 3 3
fn=_dl_get_tls_static_info
0 5 1 1 3 0 0 2 1 1 0 0 0 0
fn=_dl_important_hwcaps
0 267 18 18 48 1 1 45 1 1 34 14 0 0
fn=_dl_init
0 514 11 11 162 54 0 43 1 0 89 19 20 20
fn=_dl_init_paths
0 760 19 19 92 0 0 42 4 4 98 17 0 0
fn=_dl_initial_error_catch_tsd
0 42 0 0 21 0 0 0 0 0 0 0 0 0
fn=_dl_load_cache_lookup
0 1105 16 16 228 23 23 104 1 1 195 29 0 0
fn=_dl_lookup_symbol_x
0 341191 14 10 64413 1297 686 33512 82 7 41188 1605 0 0
fn=_dl_map_object
0 3518 24 23 843 0 0 505 9 9 766 117 0 0
fn=_dl_map_object_deps
0 4930 39 39 1043 7 1 360 7 7 1177 174 0 0
fn=_dl_map_object_from_fd
0 7041 47 46 1590 69 69 723 76 76 1455 210 0 0
fn=_dl_name_match_p
0 13543 4 2 3503 62 0 2014 1 1 2012 61 0 0
fn=_dl_new_object
0 1775 14 14 337 10 10 307 56 56 264 111 0 0
fn=_dl_next_ld_env_entry
0 502 2 2 174 0 0 2 0 0 168 44 0 0
fn=_dl_next_tls_modid
0 6 2 2 3 0 0 1 0 0 1 0 0 0
fn=_dl_process_tunable_env_entries
0 489 2 2 160 38 38 1 0 0 157 29 0 0
fn=_dl_receive_error
0 28 2 2 10 0 0 12 0 0 0 0 2 2
fn=_dl_relocate_object
0 236801 45 45 62914 6201 5136 16471 676 597 46345 226 1964 32
fn=_dl_runtime_resolve_fxsave
0 2044 4 3 2044 0 0 1971 83 3 0 0 73 68
fn=_dl_setup_hash
0 194 2 2 62 11 11 48 0 0 14 6 0 0
fn=_dl_sort_fini
0 1615 11 11 414 12 0 75 0 0 375 69 0 0
fn=_dl_start
0 686 17 16 142 27 25 57 19 18 120 30 9 1
fn=_dl_sysdep_read_whole_file
0 41 3 3 6 0 0 9 1 1 3 1 0 0
fn=_dl_sysdep_start
0 507 11 10 144 20 18 30 6 6 118 19 18 14
fn=_dl_sysdep_start_cleanup
0 1 1 1 1 0 0 0 0 0 0 0 0 0
fn=_dl_unload_cache
0 10 2 1 3 2 0 2 0 0 1 1 0 0
fn=_dl_vdso_vsym
0 35 3 2 15 4 0 0 0 0 5 3 0 0
fn=_fxstat
0 140 3 2 14 0 0 0 0 0 28 1 0 0
fn=_init
0 60 5 5 14 2 0 18 3 2 4 3 0 0
fn=_int_free
0 7279 32 17 1863 263 0 656 2 2 1841 80 0 0
fn=_int_malloc
0 12130 30 26 1461 102 1 2001 81 21 1453 154 0 0
fn=_itoa_word
0 46 3 3 4 1 1 3 0 0 4 2 0 0
fn=_pthread_cleanup_pop_restore
0 40 2 1 15 0 0 5 0 0 10 0 0 0
fn=_pthread_cleanup_push_defer
0 70 4 2 15 2 0 25 0 0 5 0 0 0
fn=_setjmp
0 2 1 1 0 0 0 0 0 0 0 0 0 0
fn=_wordcopy_fwd_aligned
0 132 11 5 36 4 2 24 0 0 6 2 6 6
fn=_xstat
0 137 1 1 11 0 0 9 0 0 22 4 0 0
fn=access
0 9 1 1 1 0 0 1 0 0 1 1 0 0
fn=bcmp
0 2582 13 12 649 12 12 196 4 4 488 88 0 0
fn=brk
0 90 4 3 13 0 0 7 1 1 14 0 0 0
fn=bsearch
0 1460 3 3 265 0 0 191 0 0 210 56 87 1
fn=cache_rpath.part.5
0 387 5 5 70 0 0 23 0 0 50 12 0 0
fn=calloc
0 900 11 9 198 9 0 74 0 0 169 28 1 1
fn=cblas_dgemm
0 101 12 12 26 3 1 17 0 0 20 5 0 0
fn=cblas_dtrmm
0 172 11 11 40 0 0 32 3 0 28 10 0 0
fn=check_match.9524
0 141786 6 5 51108 657 263 21114 48 19 18194 701 0 0
fn=close
0 47 2 1 10 0 0 0 0 0 10 0 0 0
fn=cos
0 8 1 1 3 0 0 0 0 0 2 1 0 0
fn=dl_main
0 1348 75 75 298 60 21 146 20 17 278 93 2 2
fn=do_lookup_x
0 654804 37 18 171397 3672 927 72985 70 9 91874 6349 0 0
fn=elision_init
0 12 2 2 5 0 0 2 1 1 2 0 0 0
fn=exit
0 6 1 1 1 0 0 2 0 0 0 0 0 0
fn=expand_dynamic_string_token
0 66 2 2 12 0 0 18 1 1 4 0 0 0
fn=fclose@@GLIBC_2.2.5
0 81 8 8 27 2 0 10 0 0 16 8 1 1
fn=fillin_rpath
0 411 13 13 85 0 0 92 3 3 68 26 0 0
fn=floor
0 5 2 2 3 0 0 0 0 0 1 1 0 0
fn=floorf
0 5 1 1 3 0 0 0 0 0 1 1 0 0
fn=fopen@@GLIBC_2.2.5
0 2 1 1 0 0 0 0 0 0 0 0 0 0
fn=free
0 1474 7 5 315 143 0 3 0 0 360 34 0 0
fn=freelocale
0 11 2 2 4 0 0 3 0 0 1 1 0 0
fn=generate_data
0 5294476 4 4 2167028 0 0 481220 30494 30494 242604 829 0 0
fn=getenv
0 5808 3 3 1956 57 2 84 1 1 1848 39 0 0
fn=getrlimit
0 5 1 1 1 0 0 0 0 0 1 0 0 0
fn=gettimeofday
0 30 4 2 2 0 0 10 0 0 0 0 0 0
fn=hack_digit.13638
0 200 4 4 64 0 0 32 1 0 16 10 0 0
fn=handle_intel.isra.0
0 108 4 4 15 0 0 28 1 0 8 2 0 0
fn=handle_ld_preload
0 686 7 7 70 1 1 17 1 1 161 7 0 0
fn=index
0 2237 6 6 190 7 7 0 0 0 566 75 0 0
fn=init_cacheinfo
0 150 10 10 11 0 0 15 2 2 25 12 0 0
fn=init_cpu_features.constprop.0
0 76 9 9 11 2 2 20 0 0 8 2 1 1
fn=init_tls
0 101 5 5 26 9 0 13 1 1 24 12 0 0
fn=intel_02_known_compare
0 519 1 1 261 8 8 0 0 0 87 3 0 0
fn=intel_check_word
0 459 5 5 47 0 0 62 0 0 81 24 0 0
fn=isinf
0 13 1 1 1 0 0 0 0 0 0 0 0 0
fn=isnan
0 7 1 1 1 0 0 0 0 0 0 0 0 0
fn=lseek
0 2 1 1 1 0 0 0 0 0 1 0 0 0
fn=main
0 122 13 9 41 4 1 30 0 0 7 6 0 0
fn=malloc
0 3242 4 4 924 91 0 231 5 0 770 88 0 0
fn=malloc_consolidate
0 793 4 4 9 0 0 263 34 33 129 11 0 0
fn=malloc_hook_ini
0 11 2 2 3 1 1 3 0 0 1 1 0 0
fn=map_doit
0 12 1 1 5 0 0 3 0 0 0 0 0 0
fn=match_symbol
0 4277 5 5 1677 38 31 405 0 0 1137 63 0 0
fn=memcpy
0 1608 6 6 258 0 0 216 23 23 376 166 0 0
fn=memcpy@@GLIBC_2.14
0 11 2 2 5 2 0 0 0 0 3 1 0 0
fn=memcpy@GLIBC_2.2.5
0 15 1 1 4 0 0 0 0 0 2 0 0 0
fn=memmove
0 654 8 4 102 0 0 96 0 0 96 31 0 0
fn=mempcpy
0 1931 7 6 283 3 2 218 11 11 497 170 0 0
fn=memset
0 7766 3 2 31 0 0 7596 121 121 7625 61 0 0
fn=mmap
0 1085 9 5 239 0 0 198 6 5 97 23 0 0
fn=mprotect
0 90 2 1 18 0 0 0 0 0 18 0 0 0
fn=msync
0 2 1 1 1 1 0 0 0 0 1 0 0 0
fn=munmap
0 45 3 1 9 0 0 0 0 0 9 0 0 0
fn=my_solver
0 5603721 10 9 2722045 40009 0 160435 4 0 160801 423 0 0
fn=newlocale
0 38 4 4 10 0 0 8 0 0 7 2 0 0
fn=open
0 202 3 2 28 1 0 17 0 0 28 8 0 0
fn=open_path
0 1859 15 15 576 2 2 244 4 4 258 48 0 0
fn=open_verify
0 1938 13 13 400 12 12 308 6 6 281 42 0 0
fn=openaux
0 306 2 2 144 0 0 54 0 0 0 0 0 0
fn=printf
0 29 4 4 3 2 0 18 1 0 1 0 0 0
fn=pthread_mutex_destroy
0 51 3 3 18 1 0 3 0 0 9 6 3 1
fn=pthread_mutex_lock
0 217 6 3 59 7 0 9 0 0 37 17 5 1
fn=pthread_mutex_unlock
0 178 8 4 56 2 0 7 0 0 41 13 5 1
fn=ptmalloc_init.part.7
0 509 5 5 171 54 1 9 2 0 163 28 0 0
fn=puts
0 72 6 6 27 6 1 11 0 0 12 3 1 1
fn=rand
0 960800 1 1 240200 0 0 240200 0 0 0 0 0 0
fn=random
0 4083400 3 3 1441200 0 0 240200 0 0 960800 18 0 0
fn=random_r
0 6253552 2 2 1926560 0 0 963280 0 0 963280 7774 0 0
fn=read
0 44 2 2 10 0 0 0 0 0 10 0 0 0
fn=read_input_file
0 113 10 10 39 0 0 34 1 1 6 4 0 0
fn=register_printf_modifier
0 70 7 7 19 2 2 12 0 0 10 5 0 0
fn=register_printf_specifier
0 476 9 5 145 3 1 68 3 0 97 10 0 0
fn=register_printf_type
0 31 3 3 8 3 1 5 0 0 7 4 0 0
fn=rint
0 5 1 1 3 0 0 0 0 0 1 1 0 0
fn=rintf
0 5 2 2 3 0 0 0 0 0 1 1 0 0
fn=rtld_lock_default_lock_recursive
0 18 1 1 18 1 1 0 0 0 0 0 0 0
fn=rtld_lock_default_unlock_recursive
0 18 0 0 18 0 0 0 0 0 0 0 0 0
fn=run_test
0 144 11 9 52 6 0 44 7 0 6 2 1 1
fn=sbrk
0 125 6 4 35 6 1 20 2 0 26 5 0 0
fn=secure_getenv
0 5 1 1 2 1 0 0 0 0 1 0 0 0
fn=sin
0 8 1 1 3 0 0 0 0 0 2 1 0 0
fn=srand
0 34 3 3 10 1 1 2 0 0 8 3 0 0
fn=srandom_r
0 4940 4 4 16 1 0 692 2 2 690 26 0 0
fn=strcasecmp
0 8 2 2 4 2 0 0 0 0 2 0 0 0
fn=strchrnul
0 110 2 2 10 1 1 0 0 0 6 2 0 0
fn=strcmp
0 45158 5 3 14630 370 109 0 0 0 11129 1061 0 0
fn=strdup
0 119 2 2 14 0 0 28 0 0 7 0 0 0
fn=strlen
0 2553 5 5 263 2 2 0 0 0 655 134 0 0
fn=strncasecmp
0 8 2 2 4 0 0 0 0 0 2 1 0 0
fn=strnlen
0 5 1 1 3 0 0 0 0 0 1 1 0 0
fn=strsep
0 1674 3 2 503 1 1 4 0 0 499 37 0 0
fn=sysmalloc
0 708 27 20 187 27 3 135 18 10 81 23 4 2
fn=time
0 15 2 2 1 0 0 5 0 0 0 0 0 0
fn=uname
0 5 1 1 1 0 0 0 0 0 1 0 0 0
fn=version_check_doit
0 10 2 2 4 0 0 2 0 0 1 1 0 0
fn=vfprintf
0 1111 85 85 347 18 3 181 4 0 168 83 12 10
fn=wmemcpy
0 2 1 1 0 0 0 0 0 0 0 0 0 0
fn=write
0 4 2 1 2 0 0 0 0 0 2 0 0 0
fn=write_cmat_file
0 82 6 5 24 1 0 20 0 0 6 4 0 0
summary: 194274252 2348 2003 71227438 1216891 17922 5132040 280080 118057 3745144 45754 246040 449
